0.070025 -0.000000
0.210076 0.000000
0.350127 0.000000
0.490178 0.000000
0.630228 0.000000
0.770279 0.000000
0.910330 0.000000
1.050381 0.000000
1.190432 0.000000
1.330482 0.000000
1.470533 0.000000
1.610584 0.000000
1.750635 0.000000
1.890685 0.000000
2.030736 3.067372
2.170787 3.099617
2.310838 1.813905
2.450888 0.867885
2.590939 0.327315
2.730990 0.087651
2.871041 -0.004517
3.011091 -0.020399
3.151142 -0.013834
3.291193 0.016910
3.431244 0.142748
3.571295 0.538679
3.711345 1.058212
3.851396 1.143975
3.991447 0.892692
4.131498 0.885357
4.271548 0.980665
4.411599 0.920602
4.551650 0.675019
4.691701 0.382709
4.831751 0.149452
4.971802 0.024153
5.111853 -0.020217
5.251904 -0.012947
5.391954 0.085011
5.532005 0.388316
5.672056 0.849705
5.812107 1.141394
5.952157 1.035738
6.092208 0.694020
6.232259 0.416568
6.372310 0.345411
6.512361 0.392023
6.652411 0.409283
6.792462 0.328975
6.932513 0.187004
7.072564 0.074119
7.212615 0.038296
7.352665 0.113461
7.492716 0.299549
7.632767 0.551086
7.772818 0.774626
7.912868 0.862924
8.052919 0.753540
8.192970 0.497569
8.333021 0.257754
8.473071 0.139533
8.613122 0.140523
8.753173 0.201364
8.893224 0.222960
9.033275 0.181692
9.173326 0.143456
9.313376 0.183764
9.453427 0.313350
9.593477 0.452881
9.733528 0.532370
9.873579 0.552106
10.013630 0.542457
10.153681 0.474326
10.293732 0.355062
10.433783 0.203964
10.573833 0.092313
10.713883 0.047936
10.853934 0.072979
10.993985 0.121158
11.134036 0.176710
11.274087 0.248265
11.414138 0.351388
11.554189 0.442488
11.694240 0.473524
11.834290 0.410769
11.974340 0.340860
12.114391 0.292346
12.254442 0.274709
12.394493 0.245485
12.534544 0.174115
12.674595 0.091653
12.814646 0.027520
12.954696 0.027129
13.094747 0.099839
13.234797 0.221216
13.374848 0.349295
13.514899 0.432846
13.654950 0.445252
13.795001 0.388290
13.935052 0.296669
14.075102 0.197918
14.215153 0.150475
14.355204 0.147101
14.495255 0.149909
14.635305 0.134582
14.775356 0.093260
14.915407 0.058266
15.055458 0.073103
15.195508 0.164207
15.335559 0.282274
15.475610 0.379091
15.615661 0.398568
15.755712 0.362296
15.895762 0.283816
16.035812 0.198244
16.175863 0.126193
16.315914 0.079811
16.455965 0.064843
16.596016 0.082039
16.736067 0.094894
16.876118 0.106722
17.016169 0.129846
17.156219 0.181915
17.296270 0.250869
17.436321 0.310361
17.576372 0.324822
17.716423 0.297948
17.856474 0.244396
17.996523 0.186456
18.136574 0.139387
18.276625 0.088520
18.416676 0.047128
18.556726 0.029612
18.696777 0.039381
18.836828 0.085065
18.976879 0.149429
19.116930 0.221903
19.256981 0.273016
19.397032 0.288479
19.537083 0.270179
19.677134 0.233380
19.817184 0.187623
19.957235 0.145836
20.097286 0.117795
20.237335 0.093600
20.377386 0.064623
20.517437 0.037207
20.657488 0.025155
20.797539 0.053204
20.937590 0.119923
21.077641 0.212462
21.217691 0.277091
21.357742 0.292672
21.497793 0.259052
21.637844 0.202758
21.777895 0.144917
21.917946 0.100617
22.057997 0.079445
22.198048 0.063496
22.338099 0.057625
22.478148 0.051062
22.618198 0.048808
22.758249 0.066314
22.898300 0.115147
23.038351 0.178550
23.178402 0.239579
23.318453 0.264461
23.458504 0.245236
23.598555 0.195864
23.738605 0.131341
23.878656 0.083197
24.018707 0.047724
24.158758 0.032271
24.298809 0.028972
24.438860 0.036482
24.578911 0.056047
24.718960 0.092685
24.859011 0.135260
24.999062 0.180076
25.139112 0.210889
25.279163 0.218789
25.419214 0.202183
25.559265 0.167887
25.699316 0.119530
25.839367 0.078186
25.979418 0.044964
26.119469 0.020820
26.259520 0.012284
26.399570 0.015411
26.539621 0.040738
26.679672 0.089414
26.819723 0.147665
26.959772 0.196696
27.099823 0.213109
27.239874 0.196539
27.379925 0.159026
27.519976 0.123743
27.660027 0.088130
27.800077 0.063884
27.940128 0.043704
28.080179 0.024381
28.220230 0.015127
28.360281 0.013435
28.500332 0.034269
28.640383 0.077017
28.780434 0.139663
28.920485 0.187265
29.060535 0.209961
29.200584 0.191250
29.340635 0.148711
29.480686 0.100556
29.620737 0.059235
29.760788 0.033758
29.900839 0.022887
30.040890 0.018813
30.180941 0.019413
30.320992 0.025795
30.461042 0.046785
30.601093 0.084064
30.741144 0.129158
30.881195 0.169852
31.021246 0.185744
31.161297 0.167647
31.301348 0.140478
31.441397 0.093561
31.581448 0.049912
31.721498 0.022530
31.861549 0.001899
32.001602 0.000679
32.141651 0.007738
32.281704 0.026561
32.421753 0.059273
32.561802 0.101252
32.701855 0.137823
32.841904 0.160605
32.981956 0.161973
33.122005 0.144329
33.262058 0.108821
33.402107 0.078601
33.542160 0.046728
33.682209 0.019453
33.822262 0.003877
33.962311 -0.007698
34.102364 -0.003027
34.242413 0.018369
34.382465 0.060425
34.522514 0.106554
34.662567 0.146055
34.802616 0.161835
34.942665 0.154017
35.082718 0.123758
35.222767 0.086386
35.362820 0.051299
35.502869 0.029026
35.642921 0.011447
35.782970 0.006247
35.923023 -0.000330
36.063072 0.000609
36.203125 0.018525
36.343174 0.057506
36.483227 0.102394
36.623276 0.136586
36.763329 0.155400
36.903378 0.148969
37.043427 0.117299
37.183479 0.074639
37.323528 0.036809
37.463581 0.008799
37.603630 -0.005720
37.743683 -0.008555
37.883732 -0.000274
38.023785 0.012978
38.163834 0.034450
38.303886 0.065794
38.443935 0.097580
38.583988 0.127791
38.724037 0.141368
38.864090 0.129848
39.004139 0.101444
39.144192 0.067331
39.284241 0.032332
39.424290 0.002609
39.564342 -0.014688
39.704391 -0.019595
39.844444 -0.012952
39.984493 0.011007
40.124546 0.043830
40.264595 0.077095
40.404648 0.107677
40.544697 0.126693
40.684750 0.125381
40.824799 0.109574
40.964851 0.078899
41.104900 0.047052
41.244953 0.023535
41.385002 0.002519
41.525051 -0.012286
41.665104 -0.020516
41.805153 -0.014965
41.945206 0.004504
42.085255 0.038495
42.225307 0.076635
42.365356 0.113076
42.505409 0.128008
42.645458 0.119816
42.785511 0.095286
42.925560 0.061609
43.065613 0.029543
43.205662 0.002631
43.345715 -0.006973
43.485764 -0.014709
43.625816 -0.013850
43.765865 -0.008815
43.905914 0.009056
44.045967 0.037331
44.186016 0.070545
44.326069 0.101466
44.466118 0.119682
44.606171 0.114748
44.746220 0.087684
44.886272 0.053593
45.026321 0.018585
45.166374 -0.008740
45.306423 -0.022191
45.446476 -0.026426
45.586525 -0.015363
45.726578 -0.002994
45.866627 0.020759
46.006676 0.044960
46.146729 0.074771
46.286777 0.095511
46.426830 0.102979
46.566879 0.097644
46.706932 0.075201
46.846981 0.045050
46.987034 0.015457
47.127083 -0.010547
47.267136 -0.027409
47.407185 -0.031247
47.547237 -0.024383
47.687286 -0.004273
47.827339 0.022731
47.967388 0.054663
48.107441 0.082993
48.247490 0.098927
48.387539 0.097327
48.527592 0.080790
48.667641 0.056129
48.807693 0.031572
48.947742 0.005481
49.087795 -0.012593
49.227844 -0.023856
49.367897 -0.027196
49.507946 -0.020044
49.647999 -0.004900
49.788048 0.019857
49.928101 0.053775
50.068150 0.082085
50.208202 0.101374
50.348251 0.098696
50.488300 0.076546
50.628353 0.046965
50.768402 0.017645
50.908455 -0.003358
51.048504 -0.022892
51.188557 -0.024974
51.328606 -0.023409
51.468658 -0.015553
51.608707 0.002813
51.748760 0.029578
51.888809 0.055209
52.028862 0.078247
52.168911 0.094186
52.308964 0.091136
52.449013 0.072396
52.589066 0.045536
52.729115 0.013489
52.869164 -0.011449
53.009216 -0.026608
53.149265 -0.033155
53.289318 -0.023703
53.429367 -0.011704
53.569420 0.012692
53.709469 0.037174
53.849522 0.065546
53.989571 0.082195
54.129623 0.085407
54.269672 0.080468
54.409725 0.061356
54.549774 0.036839
54.689827 0.010622
54.829876 -0.009926
54.969925 -0.027020
55.109978 -0.032619
55.250027 -0.028900
55.390079 -0.009452
55.530128 0.017208
55.670181 0.043987
55.810230 0.070088
55.950283 0.088966
56.090332 0.088428
56.230385 0.074742
56.370434 0.049530
56.510487 0.023581
56.650536 0.001927
56.790588 -0.013135
56.930637 -0.026406
57.070690 -0.027047
57.210739 -0.023347
57.350788 -0.006909
57.490841 0.016500
57.630890 0.049313
57.770943 0.070482
57.910992 0.088119
58.051044 0.087882
58.191093 0.070143
58.331146 0.045460
58.471195 0.015507
58.611248 -0.007389
58.751297 -0.022845
58.891350 -0.029687
59.031399 -0.026657
59.171452 -0.015660
59.311501 0.001508
59.451550 0.024863
59.591602 0.050794
59.731651 0.070948
59.871704 0.083887
60.011753 0.079678
60.151806 0.063874
60.291855 0.038891
60.431908 0.012483
60.571957 -0.012627
60.712009 -0.027638
60.852058 -0.033043
60.992111 -0.029663
61.132160 -0.015512
61.272213 0.006047
61.412262 0.034303
61.552315 0.055917
61.692364 0.075643
61.832413 0.080758
61.972466 0.070971
62.112514 0.051325
62.252567 0.026900
62.392616 0.004032
62.532669 -0.013817
62.672718 -0.028213
62.812771 -0.034590
62.952820 -0.030936
63.092873 -0.014630
63.232922 0.006253
63.372974 0.036471
63.513023 0.059760
63.653076 0.077556
63.793125 0.078769
63.933174 0.066958
64.073227 0.042970
64.213280 0.015864
64.353325 -0.008857
64.493378 -0.023298
64.633430 -0.031168
64.773483 -0.033516
64.913528 -0.025035
65.053581 -0.009980
65.193634 0.010457
65.333687 0.038379
65.473732 0.060991
65.613785 0.075056
65.753838 0.074751
65.893890 0.059673
66.033936 0.036848
66.173988 0.007948
66.314041 -0.016241
66.454086 -0.031848
66.594139 -0.037860
66.734192 -0.033653
66.874245 -0.021751
67.014290 -0.003620
67.154343 0.018947
67.294395 0.043092
67.434448 0.060789
67.574493 0.068702
67.714546 0.065965
67.854599 0.050816
67.994652 0.027693
68.134697 0.002347
68.274750 -0.018950
68.414803 -0.032730
68.554848 -0.041219
68.694901 -0.035797
68.834953 -0.021471
68.975006 -0.000205
69.115051 0.027350
69.255104 0.050358
69.395157 0.063070
69.535210 0.067081
69.675255 0.058236
69.815308 0.041087
69.955360 0.017605
70.095413 -0.003803
70.235458 -0.022187
70.375511 -0.033427
70.515564 -0.038245
70.655609 -0.031402
70.795662 -0.017557
70.935715 0.002620
71.075768 0.030994
71.215813 0.054813
71.355865 0.067517
71.495918 0.065998
71.635971 0.055194
71.776016 0.035360
71.916069 0.010562
72.056122 -0.011472
72.196175 -0.026932
72.336220 -0.035254
72.476273 -0.035894
72.616325 -0.024440
72.756378 -0.009745
72.896423 0.011554
73.036476 0.034882
73.176529 0.054915
73.316574 0.067372
73.456627 0.064679
73.596680 0.051675
73.736732 0.031305
73.876778 0.009204
74.016830 -0.014574
74.156883 -0.029678
74.296936 -0.037212
74.436981 -0.032428
74.577034 -0.019462
74.717087 -0.001008
74.857140 0.020273
74.997185 0.044490
75.137238 0.057247
75.277290 0.064923
75.417336 0.061084
75.557388 0.047740
75.697441 0.027567
75.837494 0.005782
75.977539 -0.014125
76.117592 -0.030543
76.257645 -0.033784
76.397697 -0.030972
76.537743 -0.015854
76.677795 0.005518
76.817848 0.027833
76.957901 0.050367
77.097946 0.062967
77.237999 0.066044
77.378052 0.058082
77.518097 0.042624
77.658150 0.021614
77.798203 0.000269
77.938255 -0.017449
78.078300 -0.028094
78.218353 -0.032638
78.358406 -0.024188
78.498459 -0.009745
78.638504 0.010524
78.778557 0.034394
78.918610 0.053415
79.058662 0.065541
79.198708 0.068022
79.338760 0.057203
79.478813 0.036936
79.618858 0.015483
79.758911 -0.006640
79.898964 -0.020642
80.039017 -0.028313
80.179062 -0.030560
80.319115 -0.019826
80.459167 -0.005150
80.599220 0.017518
80.739265 0.037994
80.879318 0.057480
81.019371 0.063009
81.159424 0.064161
81.299469 0.053773
81.439522 0.032347
81.579575 0.009846
81.719627 -0.010265
81.859673 -0.025411
81.999725 -0.034316
82.139778 -0.029243
82.279823 -0.016903
82.419876 0.001789
82.559929 0.021685
82.699982 0.042118
82.840027 0.057406
82.980080 0.064488
83.120132 0.061414
83.260185 0.045362
83.400230 0.025786
83.540283 0.002076
83.680336 -0.015082
83.820389 -0.028548
83.960434 -0.033829
84.100487 -0.028124
84.240540 -0.016348
84.380585 0.006305
84.520638 0.026356
84.660690 0.047877
84.800743 0.056069
84.940788 0.061974
85.080841 0.055366
85.220894 0.037836
85.360947 0.017989
85.500992 -0.005723
85.641045 -0.021960
85.781097 -0.031305
85.921150 -0.034943
86.061195 -0.027113
86.201248 -0.009457
86.341301 0.009343
86.481346 0.029106
86.621399 0.049232
86.761452 0.057988
86.901505 0.058544
87.041550 0.049826
87.181602 0.029494
87.321655 0.009641
87.461708 -0.011625
87.601753 -0.026938
87.741806 -0.034780
87.881859 -0.033015
88.021912 -0.024006
88.161957 -0.006295
88.302010 0.014551
88.442062 0.032347
88.582108 0.048094
88.722160 0.058148
88.862213 0.055140
89.002266 0.044420
89.142311 0.023995
89.282364 0.001158
89.422417 -0.020548
89.562469 -0.030653
89.702515 -0.036348
89.842567 -0.030343
89.982620 -0.019235
90.122673 -0.001355
90.262718 0.015804
90.402771 0.036904
90.542824 0.049485
90.682877 0.054892
90.822922 0.051269
90.962975 0.035872
91.103027 0.016153
91.243073 -0.005195
91.383125 -0.024401
91.523178 -0.034590
91.663231 -0.036872
91.803276 -0.030162
91.943329 -0.017081
92.083382 0.000240
92.223434 0.021539
92.363480 0.038786
92.503532 0.050329
92.643585 0.050550
92.783638 0.045309
92.923683 0.029121
93.063736 0.006267
93.203789 -0.012258
93.343834 -0.027277
93.483887 -0.037894
93.623940 -0.037701
93.763992 -0.028610
93.904037 -0.015959
94.044090 0.004500
94.184143 0.024907
94.324196 0.040670
94.464241 0.051057
94.604294 0.047181
94.744347 0.037523
94.884399 0.021145
95.024445 -0.002067
95.164497 -0.019695
95.304550 -0.032838
95.444595 -0.037723
95.584648 -0.037336
95.724701 -0.026563
95.864754 -0.012058
96.004799 0.008095
96.144852 0.025621
96.284904 0.040879
96.424957 0.046384
96.565002 0.044681
96.705055 0.031893
96.845108 0.013738
96.985161 -0.007168
97.125206 -0.025176
97.265259 -0.037610
97.405312 -0.041655
97.545357 -0.036439
97.685410 -0.022639
97.825462 -0.008592
97.965515 0.011627
98.105560 0.027903
98.245613 0.040352
98.385666 0.044677
98.525719 0.039129
98.665764 0.023828
98.805817 0.007031
98.945869 -0.012171
99.085922 -0.029581
99.225967 -0.041237
99.366020 -0.040764
99.506073 -0.036337
99.646126 -0.021820
99.786171 -0.004800
99.926224 0.014351
100.066277 0.031429
100.206322 0.040969
100.346375 0.041902
100.486427 0.032439
100.626480 0.018541
100.766525 -0.000032
100.906578 -0.021042
101.046631 -0.033526
101.186684 -0.040785
101.326729 -0.041097
101.466782 -0.033180
101.606834 -0.019318
101.746887 -0.003212
101.886932 0.016148
102.026985 0.032294
102.167038 0.040667
102.307083 0.039702
102.447136 0.028393
102.587189 0.010749
102.727242 -0.006343
102.867287 -0.025478
103.007339 -0.036968
103.147392 -0.042875
103.287445 -0.040298
103.427490 -0.033302
103.567543 -0.016314
103.707596 0.002370
103.847649 0.019413
103.987694 0.031576
104.127747 0.037403
104.267799 0.036208
104.407845 0.023590
104.547897 0.006222
104.687950 -0.013460
104.828003 -0.029006
104.968048 -0.040600
105.108101 -0.045162
105.248154 -0.041104
105.388206 -0.029577
105.528252 -0.013339
105.668304 0.006518
105.808357 0.023586
105.948410 0.034426
106.088455 0.033644
106.228508 0.029885
106.368561 0.017662
106.508606 -0.000507
106.648659 -0.016979
106.788712 -0.033725
106.928764 -0.043706
107.068810 -0.043934
107.208862 -0.039115
107.348915 -0.025294
107.488968 -0.009665
107.629013 0.008341
107.769066 0.023923
107.909119 0.035134
108.049171 0.032480
108.189217 0.025114
108.329269 0.011617
108.469322 -0.006296
108.609375 -0.022806
108.749420 -0.036218
108.889473 -0.045842
109.029526 -0.042755
109.169571 -0.035001
109.309624 -0.022801
109.449677 -0.003912
109.589729 0.013385
109.729774 0.025690
109.869827 0.032869
110.009880 0.031969
110.149933 0.021743
110.289978 0.006558
110.430031 -0.010434
110.570084 -0.027116
110.710136 -0.040329
110.850182 -0.044748
110.990234 -0.041799
111.130287 -0.032055
111.270332 -0.016018
111.410385 0.001027
111.550438 0.016667
111.690491 0.028073
111.830536 0.031809
111.970589 0.028238
112.110641 0.018019
112.250694 0.004289
112.390739 -0.013894
112.530792 -0.029272
112.670845 -0.041791
112.810898 -0.045850
112.950943 -0.039241
113.090996 -0.027335
113.231049 -0.012839
113.371094 0.005720
113.511147 0.021182
113.651199 0.030920
113.791252 0.033218
113.931297 0.025488
114.071350 0.015002
114.211403 -0.001925
114.351456 -0.018165
114.491501 -0.031285
114.631554 -0.041620
114.771606 -0.044197
114.911659 -0.037506
115.051704 -0.023509
115.191757 -0.007459
115.331810 0.009507
115.471855 0.025221
115.611908 0.033029
115.751961 0.032776
115.892014 0.025372
116.032059 0.013469
116.172112 -0.004809
116.312164 -0.025551
116.452217 -0.035666
116.592262 -0.042914
116.732315 -0.041104
116.872368 -0.032376
117.012421 -0.018638
117.152466 -0.002289
117.292519 0.014054
117.432571 0.026037
117.572624 0.032751
117.712669 0.031749
117.852722 0.022774
117.992775 0.007797
118.132820 -0.009888
118.272873 -0.027001
118.412926 -0.040408
118.552979 -0.043842
118.693024 -0.040011
118.833076 -0.030506
118.973129 -0.013860
119.113182 0.004774
119.253227 0.018199
119.393280 0.028798
119.533333 0.031186
119.673386 0.029173
119.813431 0.017444
119.953484 0.002317
120.093536 -0.013708
120.233582 -0.030694
120.373634 -0.040397
120.513687 -0.043151
120.653740 -0.039737
120.793785 -0.027529
120.933838 -0.011686
121.073891 0.009260
121.213943 0.021306
121.353989 0.030619
121.494041 0.032329
121.634094 0.024925
121.774147 0.012714
121.914192 -0.003220
122.054245 -0.019944
122.194298 -0.034927
122.334343 -0.041783
122.474396 -0.041979
122.614449 -0.034964
122.754501 -0.023525
122.894547 -0.007568
123.034599 0.010146
123.174652 0.022736
123.314705 0.030760
123.454750 0.031189
123.594803 0.022859
123.734856 0.008687
123.874908 -0.008202
124.014954 -0.023991
124.155006 -0.038662
124.295059 -0.043834
124.435104 -0.041338
124.575157 -0.031543
124.715210 -0.018559
124.855263 -0.001678
124.995308 0.014032
125.135361 0.023518
125.275414 0.029449
125.415466 0.029262
125.555511 0.019661
125.695564 0.004002
125.835617 -0.012403
125.975670 -0.027922
126.115715 -0.038497
126.255768 -0.044397
126.395821 -0.041483
126.535873 -0.029426
126.675919 -0.014445
126.815971 0.002170
126.956024 0.018274
127.096069 0.026566
127.236122 0.030001
127.376175 0.024527
127.516228 0.014987
127.656273 -0.000334
127.796326 -0.016616
127.936378 -0.031215
128.076431 -0.039376
128.216476 -0.042133
128.356537 -0.038042
128.496582 -0.026116
128.636627 -0.011466
128.776688 0.005669
128.916733 0.020025
129.056778 0.029034
129.196838 0.028802
129.336884 0.023594
129.476929 0.011716
129.616989 -0.004923
129.757034 -0.020007
129.897095 -0.034336
130.037140 -0.041348
130.177185 -0.041990
130.317245 -0.034399
130.457291 -0.021684
130.597336 -0.005959
130.737396 0.008896
130.877441 0.021439
131.017502 0.028041
131.157547 0.027960
131.297592 0.021001
131.437653 0.008512
131.577698 -0.008608
131.717743 -0.024362
131.857803 -0.035651
131.997849 -0.041359
132.137894 -0.040621
132.277954 -0.031380
132.417999 -0.017908
132.558060 -0.001155
132.698105 0.012230
132.838150 0.023897
132.978210 0.028082
133.118256 0.026017
133.258301 0.016694
133.398361 0.002593
133.538406 -0.010234
133.678452 -0.028382
133.818512 -0.037662
133.958557 -0.041751
134.098618 -0.037896
134.238663 -0.028184
134.378708 -0.014268
134.518768 0.000882
134.658813 0.016071
134.798859 0.024873
134.938919 0.027604
135.078964 0.023412
135.219025 0.015060
135.359070 -0.001460
135.499115 -0.016676
135.639175 -0.029723
135.779221 -0.037434
135.919266 -0.041794
136.059326 -0.034367
136.199371 -0.025042
136.339417 -0.009449
136.479477 0.004990
136.619522 0.016682
136.759583 0.026012
136.899628 0.027789
137.039673 0.023424
137.179733 0.011509
137.319778 -0.004057
137.459824 -0.019956
137.599884 -0.032192
137.739929 -0.039249
137.879974 -0.039726
138.020035 -0.032505
138.160080 -0.020292
138.300140 -0.004531
138.440186 0.009096
138.580231 0.019610
138.720291 0.026169
138.860336 0.026537
139.000381 0.020090
139.140442 0.008560
139.280487 -0.007094
139.420547 -0.021864
139.560593 -0.033974
139.700638 -0.040016
139.840698 -0.038042
139.980743 -0.030142
140.120789 -0.017106
140.260849 -0.001310
140.400894 0.013590
140.540939 0.023193
140.681000 0.027003
140.821045 0.025782
140.961105 0.017934
141.101151 0.003470
141.241196 -0.010153
141.381256 -0.024965
141.521301 -0.033678
141.661346 -0.039045
141.801407 -0.036855
141.941452 -0.028051
142.081512 -0.013706
142.221558 0.001881
142.361603 0.015836
142.501663 0.025540
142.641708 0.027513
142.781754 0.026254
142.921814 0.015694
143.061859 0.000557
143.201904 -0.014409
143.341965 -0.027346
143.482010 -0.036490
143.622070 -0.039888
143.762115 -0.034527
143.902161 -0.023841
144.042221 -0.010116
144.182266 0.005740
144.322311 0.019691
144.462372 0.025586
144.602417 0.026509
144.742462 0.023674
144.882523 0.012798
145.022568 -0.000345
145.162628 -0.018131
145.302673 -0.030458
145.442719 -0.037926
145.582779 -0.038012
145.722824 -0.031373
145.862869 -0.021253
146.002930 -0.006691
146.142975 0.008413
146.283035 0.020228
146.423080 0.027551
146.563126 0.027997
146.703186 0.021635
146.843231 0.009277
146.983276 -0.005973
147.123337 -0.020256
147.263382 -0.031452
147.403427 -0.038716
147.543488 -0.037081
147.683533 -0.029209
147.823593 -0.018145
147.963638 -0.002689
148.103683 0.010698
148.243744 0.021773
148.383789 0.028261
148.523834 0.026415
148.663895 0.019330
148.803940 0.006621
148.944000 -0.009917
149.084045 -0.023905
149.224091 -0.034511
149.364151 -0.037545
149.504196 -0.035639
149.644241 -0.027118
149.784302 -0.013961
149.924347 0.001053
150.064392 0.014212
150.204453 0.024813
150.344498 0.027949
150.484558 0.026052
150.624603 0.015967
150.764648 0.002002
150.904709 -0.013144
151.044754 -0.025457
151.184799 -0.035786
151.324860 -0.037446
151.464905 -0.033333
151.604950 -0.024622
151.745010 -0.010390
151.885056 0.004933
152.025116 0.018073
152.165161 0.026705
152.305206 0.029763
152.445267 0.025216
152.585312 0.013101
152.725357 -0.001084
152.865417 -0.016242
153.005463 -0.030013
153.145523 -0.035234
153.285568 -0.036637
153.425613 -0.030996
153.565674 -0.020058
153.705719 -0.006116
153.845764 0.008903
153.985825 0.021248
154.125870 0.028652
154.265915 0.029156
154.405975 0.023859
154.546021 0.010936
154.686081 -0.004723
154.826126 -0.020211
154.966171 -0.030663
155.106232 -0.036544
155.246277 -0.035965
155.386322 -0.028349
155.526382 -0.015063
155.666428 -0.000222
155.806473 0.012927
155.946533 0.024222
156.086578 0.029453
156.226639 0.028341
156.366684 0.022432
156.506729 0.006868
156.646790 -0.006864
156.786835 -0.022901
156.926880 -0.032455
157.066940 -0.036806
157.206985 -0.034044
157.347046 -0.024299
157.487091 -0.011161
157.627136 0.004446
157.767197 0.018081
157.907242 0.027217
158.047287 0.031985
158.187347 0.027082
158.327393 0.017861
158.467438 0.003838
158.607498 -0.011774
158.747543 -0.023987
158.887604 -0.032114
159.027649 -0.035333
159.167694 -0.031299
159.307755 -0.021203
159.447800 -0.006794
159.587845 0.008399
159.727905 0.021702
159.867950 0.030433
160.008011 0.031795
160.148056 0.026915
160.288101 0.014387
160.428162 0.000416
160.568207 -0.015259
160.708252 -0.026267
160.848312 -0.033699
160.988358 -0.033673
