0.100041 -0.000000
0.300123 0.000000
0.500205 0.000000
0.700287 0.000000
0.900369 0.000000
1.100451 0.000000
1.300533 0.000000
1.500615 0.000000
1.700697 0.000000
1.900779 0.023232
2.100862 5.690911
2.300944 2.678967
2.501026 0.528697
2.701108 0.040848
2.901190 0.001096
3.101272 0.000644
3.301354 0.041772
3.501436 0.706989
3.701518 2.362268
3.901600 1.688786
4.101682 1.208347
4.301764 2.064388
4.501846 1.316602
4.701928 0.292696
4.902010 0.022063
5.102092 0.002799
5.302174 0.100989
5.502256 1.132084
5.702338 2.906541
5.902421 2.115062
6.102502 0.575364
6.302585 0.688946
6.502666 1.289120
6.702749 0.811498
6.902831 0.176314
7.102913 0.077072
7.302995 0.525528
7.503077 1.473393
7.703159 2.364042
7.903241 2.189302
8.103323 0.853513
8.303405 0.208875
8.503487 0.549938
8.703569 0.947212
8.903651 0.562343
9.103733 0.322070
9.303815 1.098408
9.503898 1.797030
9.703979 1.513428
9.904061 1.699075
10.104143 1.318384
10.304226 0.382673
10.504308 0.137079
10.704390 0.488778
10.904471 0.825579
11.104554 0.922944
11.304636 1.547899
11.504718 1.856180
11.704800 1.107452
11.904881 0.909423
12.104964 1.353286
12.305046 0.853866
12.505128 0.192944
12.705210 0.145129
12.905293 0.707848
13.105374 1.604318
13.305456 1.823170
13.505538 1.602748
13.705621 1.104895
13.905703 0.509028
14.105784 0.803958
14.305866 1.127583
14.505948 0.569420
14.706031 0.205756
14.906113 0.705614
15.106194 1.793939
15.306276 1.912080
15.506359 1.296936
15.706441 1.122750
15.906523 0.611951
16.106606 0.337119
16.306686 0.790027
16.506769 0.960662
16.706852 0.674512
16.906933 1.040969
17.107016 1.579221
17.307096 1.632140
17.507179 1.168744
17.707262 0.999313
17.907343 0.849697
18.107426 0.341661
18.307507 0.316249
18.507589 0.894781
18.707672 1.385905
18.907753 1.517041
19.107836 1.296718
19.307919 1.186266
19.507999 1.057924
19.708082 0.860639
19.908163 0.912935
20.108246 0.613481
20.308329 0.246449
20.508410 0.662848
20.708492 1.726442
20.908573 1.914530
21.108656 1.166934
21.308739 0.855707
21.508820 0.888107
21.708902 0.747705
21.908985 0.789216
22.109066 0.826568
22.309149 0.575210
22.509230 0.810956
22.709312 1.537740
22.909395 1.840406
23.109476 1.320640
23.309559 0.714309
23.509642 0.740857
23.709723 0.665953
23.909805 0.605367
24.109886 0.829516
24.309969 1.082060
24.510052 1.272631
24.710133 1.281232
24.910215 1.284552
25.110296 1.398048
25.310379 0.881281
25.510462 0.601561
25.710543 0.656599
25.910625 0.505686
26.110708 0.746529
26.310789 1.463398
26.510872 1.699017
26.710953 1.198541
26.911036 0.823553
27.111118 1.053544
27.311199 1.117479
27.511282 0.650916
27.711363 0.599110
27.911446 0.611713
28.111528 0.814988
28.311609 1.541036
28.511692 1.774662
28.711775 1.283928
28.911856 0.730226
29.111938 0.639609
29.312019 0.982065
29.512102 0.873121
29.712185 0.590638
29.912266 0.807768
30.112349 1.154297
30.312431 1.395395
30.512512 1.459774
30.712595 1.335748
30.912676 0.920159
31.112759 0.495397
31.312841 0.636765
31.512922 0.879271
31.713005 0.800827
31.913086 1.039561
32.113171 1.493039
32.313251 1.276721
32.513332 1.044241
32.713413 1.132867
32.913498 1.133560
33.113579 0.660110
33.313660 0.420652
33.513744 0.681183
33.713825 1.015334
33.913906 1.385969
34.113991 1.549638
34.314072 1.247441
34.514153 0.854864
34.714237 0.794935
34.914318 1.045635
35.114399 0.965481
35.314480 0.480367
35.514565 0.562192
35.714645 1.151487
35.914726 1.579810
36.114811 1.457173
36.314892 1.180557
36.514973 0.902874
36.715057 0.636840
36.915138 0.703432
37.115219 1.025842
37.315304 0.816581
37.515385 0.702746
37.715466 1.261039
37.915546 1.478981
38.115631 1.293424
38.315712 1.104593
38.515793 0.953850
38.715878 0.733956
38.915958 0.480911
39.116039 0.738608
39.316124 1.117465
39.516205 1.179387
39.716286 1.288571
39.916370 1.272252
40.116451 1.067549
40.316532 1.020778
40.516613 0.933221
40.716698 0.861549
40.916779 0.565935
41.116859 0.483733
41.316944 1.138993
41.517025 1.653592
41.717106 1.349869
41.917191 1.051694
42.117271 0.932240
42.317352 0.864084
42.517437 0.874833
42.717518 0.865114
42.917599 0.794856
43.117683 0.605977
43.317764 1.066490
43.517845 1.665433
43.717926 1.450460
43.918011 0.975659
44.118092 0.838800
44.318172 0.774119
44.518257 0.751992
44.718338 0.784409
44.918419 0.944322
45.118504 1.056562
45.318584 1.134243
45.518665 1.299953
45.718750 1.350814
45.918831 1.081495
46.118912 0.805053
46.318993 0.731874
46.519077 0.691367
46.719158 0.671319
46.919239 1.004257
47.119324 1.487415
47.319405 1.334919
47.519485 0.974584
47.719570 1.040948
47.919651 1.095868
48.119732 0.916913
48.319817 0.696887
48.519897 0.697600
48.719978 0.704669
48.920059 1.042418
49.120144 1.603059
49.320225 1.489050
49.520306 0.929633
49.720390 0.768916
49.920471 0.909503
50.120552 0.968180
50.320637 0.792104
50.520718 0.688271
50.720798 0.939318
50.920883 1.170016
51.120964 1.373398
51.321045 1.427902
51.521126 1.092769
51.721210 0.709881
51.921291 0.698193
52.121372 0.829740
52.321457 0.893452
52.521538 0.825369
52.721619 1.166916
52.921703 1.373097
53.121784 1.087857
53.321865 1.130783
53.521950 1.193132
53.722031 0.865073
53.922112 0.620208
54.122192 0.648413
54.322277 0.854492
54.522358 1.103905
54.722439 1.344764
54.922523 1.410038
55.122604 1.038494
55.322685 0.807220
55.522770 1.039025
55.722851 1.032739
55.922932 0.737933
56.123016 0.571788
56.323097 0.811278
56.523178 1.302333
56.723259 1.450625
56.923344 1.280871
57.123425 1.095451
57.323505 0.749687
57.523590 0.736406
57.723671 0.981389
57.923752 0.919663
58.123837 0.719857
58.323917 0.888107
58.523998 1.359822
58.724083 1.368838
58.924164 1.157859
59.124245 1.072787
59.324326 0.886865
59.524410 0.608979
59.724491 0.725020
59.924572 0.952791
60.124657 1.047212
60.324738 1.134179
60.524818 1.265140
60.724903 1.206514
60.924984 1.026745
61.125065 0.998828
61.325150 0.975707
61.525230 0.721486
61.725311 0.563112
61.925396 0.811978
62.125477 1.314763
62.325558 1.448776
62.525639 1.141761
62.725723 1.039830
62.925804 0.937777
63.125885 0.866929
63.325970 0.957215
63.526051 0.868086
63.726131 0.660691
63.926216 0.774310
64.126297 1.331393
64.326378 1.564259
64.526459 1.164991
64.726540 0.895385
64.926628 0.901929
65.126709 0.772122
65.326790 0.814676
65.526871 0.932472
65.726952 0.903599
65.927032 1.011965
66.127113 1.196950
66.327202 1.352565
66.527283 1.234164
66.727364 0.904798
66.927444 0.823287
67.127525 0.794322
67.327606 0.667494
67.527695 0.868582
67.727776 1.164430
67.927856 1.342445
68.127937 1.138916
68.328018 1.006889
68.528099 1.138358
68.728188 1.013776
68.928268 0.797052
69.128349 0.793774
69.328430 0.697477
69.528511 0.793230
69.728592 1.304262
69.928673 1.515417
70.128761 1.193923
70.328842 0.831060
70.528923 0.891242
70.729004 1.017968
70.929085 0.867667
71.129166 0.773276
71.329254 0.811948
71.529335 0.941539
71.729416 1.260079
71.929497 1.420074
72.129578 1.257373
72.329659 0.895291
72.529739 0.706302
72.729828 0.862635
72.929909 0.899191
73.129990 0.821489
73.330070 0.953689
73.530151 1.208539
73.730232 1.210785
73.930321 1.119475
74.130402 1.198385
74.330482 1.051740
74.530563 0.727740
74.730644 0.679702
74.930725 0.832097
75.130806 0.897456
75.330894 1.159710
75.530975 1.365609
75.731056 1.209619
75.931137 0.923774
76.131218 0.948506
76.331299 1.104798
76.531387 0.897745
76.731468 0.634567
76.931549 0.732350
77.131630 0.993279
77.331711 1.316164
77.531792 1.383281
77.731873 1.173431
77.931961 0.940175
78.132042 0.745609
78.332123 0.915108
78.532204 1.028951
78.732285 0.773363
78.932365 0.737460
79.132454 1.111916
79.332535 1.332872
79.532616 1.275144
79.732697 1.124733
79.932777 0.992645
80.132858 0.774257
80.332939 0.670425
80.533028 0.924223
80.733109 0.986899
80.933189 0.953377
81.133270 1.201098
81.333351 1.249587
81.533432 1.108970
81.733521 1.042574
81.933601 1.003760
82.133682 0.887227
82.333763 0.647393
82.533844 0.681748
82.733925 1.080831
82.934006 1.287048
83.134094 1.265838
83.334175 1.117974
83.534256 0.995735
83.734337 0.925943
83.934418 0.942149
84.134499 0.950080
84.334587 0.788715
84.534668 0.634474
84.734749 1.025653
84.934830 1.470203
85.134911 1.317172
85.334991 1.039657
85.535072 0.919048
85.735161 0.866058
85.935242 0.819559
86.135323 0.906408
86.335403 0.935633
86.535484 0.860427
86.735565 1.037963
86.935654 1.336540
87.135735 1.293409
87.335815 1.057926
87.535896 0.882143
87.735977 0.839608
87.936058 0.769185
88.136139 0.765395
88.336227 1.003359
88.536308 1.202517
88.736389 1.174827
88.936470 1.095418
89.136551 1.116914
89.336632 1.082229
89.536720 0.918723
89.736801 0.811994
89.936882 0.788774
90.136963 0.719303
90.337044 0.970890
90.537125 1.438825
90.737206 1.322270
90.937294 0.985498
91.137375 0.904223
91.337456 0.988052
91.537537 0.969555
91.737617 0.830053
91.937698 0.797955
92.137787 0.848435
92.337868 1.008165
92.537949 1.368715
92.738029 1.382316
92.938110 1.028009
93.138191 0.817956
93.338272 0.823057
93.538361 0.922416
93.738441 0.880312
93.938522 0.837166
94.138603 1.040816
94.338684 1.184661
94.538765 1.135553
94.738853 1.230370
94.938934 1.130433
95.139015 0.870817
95.339096 0.736197
95.539177 0.788696
95.739258 0.885133
95.939339 0.955903
96.139427 1.212214
96.339508 1.320427
96.539589 1.030808
96.739670 0.951243
96.939751 1.097347
97.139832 0.994864
97.339920 0.772983
97.540001 0.696624
97.740082 0.845019
97.940163 1.111432
98.140244 1.309893
98.340324 1.315513
98.540405 1.056967
98.740494 0.817878
98.940575 0.883187
99.140656 1.024030
99.340736 0.898648
99.540817 0.730801
99.740898 0.861538
99.940987 1.224728
100.141068 1.293642
100.341148 1.202668
100.541229 1.101263
100.741310 0.861100
100.941391 0.736265
101.141472 0.851878
101.341560 0.980168
101.541641 0.908745
101.741722 0.999729
101.941803 1.242621
102.141884 1.205316
102.341965 1.052722
102.542053 1.072331
102.742134 0.962448
102.942215 0.757290
103.142296 0.689397
103.342377 0.882496
103.542458 1.144931
103.742546 1.226845
103.942627 1.182087
104.142708 1.103143
104.342789 0.949883
104.542870 0.948423
104.742950 1.006254
104.943031 0.863471
105.143120 0.697125
105.343201 0.783030
105.543282 1.231360
105.743362 1.415671
105.943443 1.137615
106.143524 1.005016
106.343613 0.925306
106.543694 0.827210
106.743774 0.915050
106.943855 0.952603
107.143936 0.839992
107.344017 0.887114
107.544098 1.170223
107.744186 1.370709
107.944267 1.170106
108.144348 0.945733
108.344429 0.916485
108.544510 0.805513
108.744591 0.775138
108.944679 0.915681
109.144760 1.047276
109.344841 1.136108
109.544922 1.126789
109.745003 1.125763
109.945084 1.152982
110.145164 0.972229
110.345253 0.889336
110.545334 0.840062
110.745415 0.733753
110.945496 0.819502
111.145576 1.179677
111.345657 1.372367
111.545746 1.145503
111.745827 0.929850
111.945908 1.000618
112.145988 1.002695
112.346069 0.887794
112.546150 0.855924
112.746231 0.800622
112.946320 0.855687
113.146400 1.179100
113.346481 1.406631
113.546562 1.214999
113.746643 0.891613
113.946724 0.841765
114.146812 0.929391
114.346893 0.902522
114.546974 0.860201
114.747055 0.911465
114.947136 1.047328
115.147217 1.159594
115.347298 1.199338
115.547386 1.224223
115.747467 0.994486
115.947548 0.780308
116.147629 0.816762
116.347710 0.859154
116.547791 0.885022
116.747879 1.042726
116.947960 1.249357
117.148041 1.173753
117.348122 0.990812
117.548203 1.050061
117.748283 1.101957
117.948364 0.851233
118.148453 0.746857
118.348534 0.800216
118.548615 0.918829
118.748695 1.177148
118.948776 1.329853
119.148857 1.186529
119.348946 0.940186
119.549026 0.843263
119.749107 1.016133
119.949188 0.990314
120.149269 0.772061
120.349350 0.789926
120.549431 0.998260
120.749519 1.242938
120.949600 1.274704
121.149681 1.158625
121.349762 0.994503
121.549843 0.788915
121.749924 0.807372
121.950012 0.989838
122.150093 0.909901
122.350174 0.877571
122.550255 1.117788
122.750336 1.222497
122.950417 1.145040
123.150497 1.076544
123.350586 1.038768
123.550667 0.871715
123.750748 0.702567
123.950829 0.823627
124.150909 1.012553
124.350990 1.101808
124.551079 1.202501
124.751160 1.164521
124.951241 1.025986
125.151321 0.969876
125.351402 0.992687
125.551483 0.975701
125.751564 0.760312
125.951653 0.707736
126.151733 0.997672
126.351814 1.309312
126.551895 1.264570
126.751976 1.085926
126.952057 0.972545
127.152145 0.892168
127.352226 0.881407
127.552307 0.972581
127.752388 0.907240
127.952469 0.774298
128.152557 1.000950
128.352631 1.305727
128.552719 1.276132
128.752792 1.056844
128.952881 0.938975
129.152969 0.883071
129.353043 0.798757
129.553131 0.853272
129.753204 1.001478
129.953293 1.016232
130.153366 1.086303
130.353455 1.167230
130.553543 1.158147
130.753616 1.074657
130.953705 0.931424
131.153778 0.881623
131.353867 0.811835
131.553940 0.745253
131.754028 0.980086
131.954117 1.272913
132.154190 1.224118
132.354279 1.042214
132.554352 0.992785
132.754440 1.019168
132.954529 0.966866
133.154602 0.866461
133.354691 0.856972
133.554764 0.785250
133.754852 0.950747
133.954926 1.334495
134.155014 1.325157
134.355103 1.022693
134.555176 0.888079
134.755264 0.902233
134.955338 0.948952
135.155426 0.884605
135.355499 0.870175
135.555588 0.953108
135.755676 1.041363
135.955750 1.199087
136.155838 1.265657
136.355911 1.096391
136.556000 0.880512
136.756073 0.816427
136.956161 0.862553
137.156250 0.890726
137.356323 0.907875
137.556412 1.124094
137.756485 1.208486
137.956573 1.061383
138.156662 1.058674
138.356735 1.109405
138.556824 0.970004
138.756897 0.800940
138.956985 0.784813
139.157059 0.863406
139.357147 0.992028
139.557236 1.233027
139.757309 1.296827
139.957397 1.042432
140.157471 0.887958
140.357559 0.975123
140.557632 1.025931
140.757721 0.884137
140.957809 0.757934
141.157883 0.872552
141.357971 1.090389
141.558044 1.251447
141.758133 1.249084
141.958206 1.091155
142.158295 0.865832
142.358383 0.820839
142.558456 0.932531
142.758545 0.973363
142.958618 0.847638
143.158707 0.936791
143.358795 1.188679
143.558868 1.181676
143.758957 1.120783
143.959030 1.096169
144.159119 0.948556
144.359192 0.781090
144.559280 0.785047
144.759369 0.930868
144.959442 1.027554
145.159531 1.085635
145.359604 1.206578
145.559692 1.119057
145.759766 0.981030
145.959854 1.017434
146.159943 1.011688
146.360016 0.856899
146.560104 0.730559
146.760178 0.827020
146.960266 1.142265
147.160339 1.275247
147.360428 1.161541
147.560516 1.066624
147.760590 0.927223
147.960678 0.887830
148.160751 0.976149
148.360840 0.946604
148.560928 0.813522
148.761002 0.827259
148.961090 1.147018
149.161163 1.331100
149.361252 1.150728
149.561325 1.004386
149.761414 0.942316
149.961502 0.823144
150.161575 0.853097
150.361664 0.951859
150.561737 0.970142
150.761826 0.994497
150.961899 1.114007
151.161987 1.208471
151.362076 1.131740
151.562149 0.989700
151.762238 0.935044
151.962311 0.855996
152.162399 0.766484
152.362473 0.867231
152.562561 1.095129
152.762650 1.233826
152.962723 1.114660
153.162811 1.032873
153.362885 1.044678
153.562973 0.990978
153.763062 0.926042
153.963135 0.888796
154.163223 0.799505
154.363297 0.824121
154.563385 1.123432
154.763458 1.358402
154.963547 1.174940
155.163635 0.931358
155.363708 0.931206
155.563797 0.946721
155.763870 0.917655
155.963959 0.897253
156.164032 0.885963
156.364120 0.940714
156.564209 1.105676
156.764282 1.266657
156.964371 1.213953
157.164444 0.964239
157.364532 0.848088
157.564621 0.881482
157.764694 0.875596
157.964783 0.897981
158.164856 0.983140
158.364944 1.132068
158.565018 1.135879
158.765106 1.061281
158.965195 1.129384
159.165268 1.055057
159.365356 0.857642
159.565430 0.820076
159.765518 0.838016
159.965591 0.887230
160.165680 1.089954
160.365768 1.259632
160.565842 1.186064
160.765930 0.951076
160.966003 0.943757
161.166092 1.052983
161.366165 0.948965
161.566254 0.807511
161.766342 0.823813
161.966415 0.929711
162.166504 1.154773
162.366577 1.273023
162.566666 1.185230
162.766754 0.981478
162.966827 0.823498
163.166916 0.915072
163.366989 0.991605
163.567078 0.880480
163.767151 0.858563
163.967239 1.034813
164.167328 1.180944
164.367401 1.173246
164.567490 1.123336
164.767563 1.041804
164.967651 0.853060
165.167725 0.776920
165.367813 0.906620
165.567902 0.962424
165.767975 0.995411
165.968063 1.137439
166.168137 1.177044
166.368225 1.058136
166.568298 1.008472
166.768387 1.042315
166.968475 0.949872
167.168549 0.768938
167.368637 0.781676
167.568710 0.978430
167.768799 1.167003
167.968887 1.223985
168.168961 1.123627
168.369049 1.009161
168.569122 0.907983
168.769211 0.948356
168.969284 1.000332
169.169373 0.868845
169.369461 0.768330
169.569534 0.970560
169.769623 1.242033
169.969696 1.255479
170.169785 1.079350
170.369858 0.981743
170.569946 0.897157
170.770035 0.831100
170.970108 0.934462
171.170197 0.973849
171.370270 0.909123
171.570358 1.024101
171.770432 1.190209
171.970520 1.186185
172.170609 1.071899
172.370682 0.961141
172.570770 0.916455
172.770844 0.812616
172.970932 0.803623
173.171021 0.993853
173.371094 1.124232
173.571182 1.144874
173.771255 1.094316
173.971344 1.054629
174.171417 1.036375
174.371506 0.964976
174.571594 0.914859
174.771667 0.863993
174.971756 0.770793
175.171829 0.940551
175.371918 1.262439
175.571991 1.258116
175.772079 1.050440
175.972168 0.941572
176.172241 0.958288
176.372330 0.950375
176.572403 0.908605
176.772491 0.900916
176.972565 0.878566
177.172653 0.959969
177.372742 1.221078
177.572815 1.271360
177.772903 1.078946
177.972977 0.906011
178.173065 0.875710
178.373154 0.903915
178.573227 0.888928
178.773315 0.921485
178.973389 1.033871
179.173477 1.099413
179.373550 1.101016
179.573639 1.137797
179.773727 1.104641
179.973801 0.955062
180.173889 0.836162
180.373962 0.848220
180.574051 0.864643
180.774124 0.942299
180.974213 1.165952
181.174301 1.232062
181.374374 1.052665
181.574463 0.962410
181.774536 1.030388
181.974625 1.015664
182.174698 0.872809
182.374786 0.810175
182.574875 0.871387
182.774948 0.994654
182.975037 1.210145
183.175110 1.267605
183.375198 1.074707
183.575287 0.894509
183.775360 0.888279
183.975449 0.983946
184.175522 0.946256
184.375610 0.837938
184.575684 0.915461
184.775772 1.095839
184.975861 1.168913
185.175934 1.182267
185.376022 1.101466
185.576096 0.935111
185.776184 0.817359
185.976257 0.858719
186.176346 0.958200
186.376434 0.943742
186.576508 1.013708
186.776596 1.175290
186.976669 1.121411
187.176758 1.033947
187.376831 1.064726
187.576920 1.000540
187.777008 0.855053
187.977081 0.771576
188.177170 0.879758
188.377243 1.056981
188.577332 1.158509
188.777420 1.185517
188.977493 1.090972
189.177582 0.943602
189.377655 0.948400
189.577744 1.006893
189.777817 0.935466
189.977905 0.800566
190.177994 0.828764
190.378067 1.100719
190.578156 1.260131
190.778229 1.161332
190.978317 1.054241
191.178391 0.941676
191.378479 0.857976
191.578568 0.912809
191.778641 0.971968
191.978729 0.915367
192.178802 0.909045
192.378891 1.098581
192.578979 1.229508
192.779053 1.127208
192.979141 1.022805
193.179214 0.958583
193.379303 0.858956
193.579376 0.811243
193.779465 0.909738
193.979553 1.038335
194.179626 1.096233
194.379715 1.106869
194.579788 1.104950
194.779877 1.065319
194.979950 0.996448
195.180038 0.961668
195.380127 0.895663
195.580200 0.807374
195.780289 0.830163
195.980362 1.085270
196.180450 1.270283
196.380524 1.144504
196.580612 0.995115
196.780701 0.980373
196.980774 0.957023
197.180862 0.941640
197.380936 0.921035
197.581024 0.870362
197.781113 0.875144
197.981186 1.066264
198.181274 1.286912
198.381348 1.189323
198.581436 0.970145
198.781509 0.909645
198.981598 0.907620
199.181686 0.897816
199.381760 0.916167
199.581848 0.953258
199.781921 1.028195
199.982010 1.086908
200.182083 1.137756
200.382172 1.163979
200.582260 1.020004
200.782333 0.888064
200.982422 0.867775
201.182495 0.855211
201.382584 0.891175
201.582657 1.029118
201.782745 1.185135
201.982834 1.148984
202.182907 0.998116
202.382996 1.026068
202.583069 1.053222
202.783157 0.927601
202.983246 0.851220
203.183319 0.841560
203.383408 0.897217
203.583481 1.080984
203.783569 1.252699
203.983643 1.188081
204.183731 0.975407
204.383820 0.887135
204.583893 0.977850
204.783981 0.975674
204.984055 0.878380
205.184143 0.864058
205.384216 0.967330
205.584305 1.121638
205.784393 1.195754
205.984467 1.164966
206.184555 1.025532
206.384628 0.857808
206.584717 0.853233
206.784790 0.941971
206.984879 0.934219
207.184967 0.941617
207.385040 1.072833
207.585129 1.153981
207.785202 1.087756
207.985291 1.064247
208.185379 1.060533
208.385452 0.920514
208.585541 0.800978
208.785614 0.845453
208.985703 0.957351
209.185776 1.068860
209.385864 1.167043
209.585953 1.151204
209.786026 1.025661
209.986115 0.945577
210.186188 1.003812
210.386276 0.995313
210.586349 0.845336
210.786438 0.798997
210.986526 0.947020
211.186600 1.167043
211.386688 1.221236
211.586761 1.115968
211.786850 1.008692
211.986923 0.900342
212.187012 0.885562
212.387100 0.982311
212.587173 0.939234
212.787262 0.861388
212.987335 0.978667
213.187424 1.173349
213.387512 1.200113
213.587585 1.080626
213.787674 0.997743
213.987747 0.921474
214.187836 0.823657
214.387909 0.873289
214.587997 0.989028
214.788086 1.015993
214.988159 1.074827
215.188248 1.124531
215.388321 1.102180
215.588409 1.045482
215.788483 0.980874
215.988571 0.946262
216.188660 0.851981
216.388733 0.793714
216.588821 0.953605
216.788895 1.166389
216.988983 1.193292
217.189056 1.078824
217.389145 0.997597
217.589233 0.986384
217.789307 0.956872
217.989395 0.940562
218.189468 0.909006
218.389557 0.832647
218.589645 0.931318
218.789719 1.196265
218.989807 1.255232
219.189880 1.075939
219.389969 0.942111
219.590042 0.921786
219.790131 0.917668
219.990219 0.907876
220.190292 0.940508
220.390381 0.958422
220.590454 1.011691
220.790543 1.128151
220.990616 1.185582
221.190704 1.099233
221.390793 0.949138
221.590866 0.881674
221.790955 0.879044
221.991028 0.870442
222.191116 0.939654
222.391205 1.094178
222.591278 1.148334
222.791367 1.072715
222.991440 1.033639
223.191528 1.062724
223.391602 0.997297
223.591690 0.882135
223.791779 0.856091
223.991852 0.862394
224.191940 0.947553
224.392014 1.166112
224.592102 1.240141
224.792175 1.073450
224.992264 0.932947
225.192352 0.949985
225.392426 1.001573
225.592514 0.927270
225.792587 0.856404
225.992676 0.902360
226.192749 1.008007
226.392838 1.157560
226.592926 1.217754
226.792999 1.099647
226.993088 0.932570
227.193161 0.860367
227.393250 0.916868
227.593338 0.958168
227.793411 0.905759
227.993500 0.976247
228.193573 1.107587
228.393661 1.118673
228.593735 1.097661
228.793823 1.086910
228.993912 0.988963
229.193985 0.856554
229.394073 0.825337
229.594147 0.915258
229.794235 0.990251
229.994308 1.077870
230.194397 1.176125
230.394485 1.095769
230.594559 0.982193
230.794647 1.000146
230.994720 1.018388
231.194809 0.918120
231.394882 0.809528
231.594971 0.857549
231.795059 1.045656
231.995132 1.178623
232.195221 1.180879
232.395294 1.080308
232.595383 0.946874
232.795471 0.899462
232.995544 0.959089
233.195633 0.974241
233.395706 0.879257
233.595795 0.876719
233.795868 1.068359
233.995956 1.204147
234.196045 1.144203
234.396118 1.055980
234.596207 0.965254
234.796280 0.867356
234.996368 0.858492
235.196442 0.946818
235.396530 0.988405
235.596619 0.996049
235.796692 1.091444
235.996780 1.143258
236.196854 1.080968
236.396942 1.020854
236.597015 0.979867
236.797104 0.899145
236.997192 0.816630
237.197266 0.865621
237.397354 1.051269
237.597427 1.161984
237.797516 1.124580
237.997604 1.058337
238.197678 1.006215
238.397766 0.974735
238.597839 0.965006
238.797928 0.934810
238.998001 0.858191
239.198090 0.847954
239.398178 1.044551
239.598251 1.250500
239.798340 1.165990
239.998413 1.005390
240.198502 0.950283
240.398575 0.923375
240.598663 0.923850
240.798752 0.935270
240.998825 0.934750
241.198914 0.944731
241.398987 1.046562
241.599075 1.188273
241.799149 1.169260
241.999237 1.010257
242.199326 0.923641
242.399399 0.892662
242.599487 0.875292
242.799561 0.906068
242.999649 0.997595
243.199738 1.097884
243.399811 1.100903
243.599899 1.061041
243.799973 1.081479
244.000061 1.038126
244.200134 0.932868
244.400223 0.882090
244.600311 0.856070
244.800385 0.885777
245.000473 1.034409
245.200546 1.205482
245.400635 1.168315
245.600708 0.991801
245.800797 0.955978
246.000885 1.003861
246.200958 0.964415
246.401047 0.891414
246.601120 0.872965
246.801208 0.922352
247.001282 1.062986
247.201370 1.203795
247.401459 1.184850
247.601532 1.010268
247.801620 0.887607
248.001694 0.912119
248.201782 0.954571
248.401871 0.923827
248.601944 0.919168
248.802032 1.014138
249.002106 1.105848
249.202194 1.120405
249.402267 1.116972
249.602356 1.053681
249.802444 0.907856
250.002518 0.844812
250.202606 0.887646
250.402679 0.944974
250.602768 1.002562
250.802841 1.110263
251.002930 1.147899
251.203018 1.042961
251.403091 0.999078
251.603180 1.038500
251.803253 0.972024
252.003342 0.849768
252.203415 0.834015
252.403503 0.936307
252.603592 1.091063
252.803665 1.179833
253.003754 1.144537
253.203827 1.022405
253.403915 0.916262
253.604004 0.948379
253.804077 0.993007
254.004166 0.914069
254.204239 0.850951
254.404327 0.950495
254.604401 1.130427
254.804489 1.192366
255.004578 1.107065
255.204651 1.022959
255.404739 0.915518
255.604813 0.858205
255.804901 0.929267
256.004974 0.970069
256.205078 0.951080
256.405151 1.017170
256.605225 1.126401
256.805298 1.132022
257.005402 1.060255
257.205475 1.007642
257.405548 0.952597
257.605652 0.847486
257.805725 0.839040
258.005798 0.962576
258.205872 1.079735
258.405975 1.124470
258.606049 1.103351
258.806122 1.045311
259.006226 1.002715
259.206299 0.975661
259.406372 0.964295
259.606445 0.899061
259.806549 0.824316
260.006622 0.928302
260.206696 1.147380
260.406799 1.213492
260.606873 1.088131
260.806946 0.984398
261.007019 0.948320
261.207123 0.930632
261.407196 0.938229
261.607269 0.943566
261.807373 0.907570
262.007446 0.956604
262.207520 1.129312
262.407593 1.204692
262.607697 1.094547
262.807770 0.963819
263.007843 0.918068
263.207947 0.893110
263.408020 0.889191
263.608093 0.951157
263.808167 1.026279
264.008270 1.067796
264.208344 1.087862
264.408417 1.095521
264.608521 1.077044
264.808594 0.985094
265.008667 0.907464
265.208771 0.881054
265.408844 0.859718
265.608917 0.939951
265.808990 1.111649
266.009094 1.185370
266.209167 1.078722
266.409241 0.982574
266.609344 0.999083
266.809418 0.999308
267.009491 0.922616
267.209564 0.884063
267.409668 0.885430
267.609741 0.955084
267.809814 1.134521
268.009918 1.219262
268.209991 1.099410
268.410065 0.943910
268.610138 0.907970
268.810242 0.955202
269.010315 0.945178
269.210388 0.903993
269.410492 0.950501
269.610565 1.032489
269.810638 1.112049
270.010712 1.148259
270.210815 1.099083
270.410889 0.978279
270.610962 0.872059
270.811066 0.878354
271.011139 0.928092
271.211212 0.951614
271.411285 1.028930
271.611389 1.128635
271.811462 1.096492
272.011536 1.030580
272.211639 1.041785
272.411713 1.015116
272.611786 0.906868
272.811859 0.835427
273.011963 0.886063
273.212036 0.995539
273.412109 1.113215
273.612213 1.174992
273.812286 1.096146
274.012360 0.962404
274.212433 0.945218
274.412537 0.991851
274.612610 0.961327
274.812683 0.864383
275.012787 0.878526
275.212860 1.026048
275.412933 1.159750
275.613037 1.164214
275.813110 1.080420
276.013184 0.968355
276.213257 0.883151
276.413361 0.909767
276.613434 0.965672
276.813507 0.945067
277.013611 0.943080
277.213684 1.062763
277.413757 1.145197
277.613831 1.107357
277.813934 1.046175
278.014008 0.989628
278.214081 0.896851
278.414185 0.840047
278.614258 0.908262
278.814331 1.013273
279.014404 1.068224
279.214508 1.107085
279.414581 1.095313
279.614655 1.031267
279.814758 0.997928
280.014832 0.985296
280.214905 0.936168
280.414978 0.850902
280.615082 0.856512
280.815155 1.029401
281.015228 1.177441
281.215332 1.150508
281.415405 1.044574
281.615479 0.977981
281.815552 0.941670
282.015656 0.949037
282.215729 0.950590
282.415802 0.915205
282.615906 0.896168
282.815979 1.022237
283.016052 1.191746
283.216125 1.162250
283.416229 1.026328
283.616302 0.950700
283.816376 0.910554
284.016479 0.894603
284.216553 0.928838
284.416626 0.976152
284.616699 1.017894
284.816803 1.056009
285.016876 1.113393
285.216949 1.111210
285.417053 1.032125
285.617126 0.947534
285.817200 0.904365
286.017303 0.867081
286.217377 0.891265
286.417450 1.011712
286.617523 1.136914
286.817627 1.129834
287.017700 1.031772
287.217773 1.011014
287.417877 1.014553
287.617950 0.961459
287.818024 0.908163
288.018097 0.880508
288.218201 0.896014
288.418274 1.023805
288.618347 1.187741
288.818451 1.174847
289.018524 1.015750
289.218597 0.928288
289.418671 0.952347
289.618774 0.958812
289.818848 0.922413
290.018921 0.915499
290.219025 0.965469
290.419098 1.051087
290.619171 1.147787
290.819244 1.149567
291.019348 1.041204
291.219421 0.916540
291.419495 0.884263
291.619598 0.917468
291.819672 0.934848
292.019745 0.969776
292.219818 1.057184
292.419922 1.110485
292.619995 1.068320
292.820068 1.058807
293.020172 1.045079
293.220245 0.957281
293.420319 0.866561
293.620392 0.866669
293.820496 0.932121
294.020569 1.031794
294.220642 1.134081
294.420746 1.149923
294.620819 1.031658
294.820892 0.954788
295.020996 0.993171
295.221069 0.986893
295.421143 0.903602
295.621216 0.858838
295.821320 0.936435
296.021393 1.077071
296.221466 1.169338
296.421570 1.137826
296.621643 1.031686
296.821716 0.920151
297.021790 0.903695
297.221893 0.961688
297.421967 0.950267
297.622040 0.918485
297.822144 0.978352
298.022217 1.101179
298.222290 1.142412
298.422363 1.088579
298.622467 1.029099
298.822540 0.945376
299.022614 0.861145
299.222717 0.884674
299.422791 0.965747
299.622864 1.012350
299.822937 1.064728
300.023041 1.109000
300.223114 1.077945
300.423187 1.022589
300.623291 1.003572
300.823364 0.970516
301.023438 0.890022
301.223511 0.838385
301.423615 0.939608
301.623688 1.089569
301.823761 1.155344
302.023865 1.106680
302.223938 1.021135
302.424011 0.965665
302.624084 0.953396
302.824188 0.964347
303.024261 0.934775
303.224335 0.880499
303.424438 0.932644
303.624512 1.108179
303.824585 1.191796
304.024658 1.100292
304.224762 0.992292
304.424835 0.937669
304.624908 0.905532
304.825012 0.920474
305.025085 0.956718
305.225159 0.973401
305.425262 1.003776
305.625336 1.087246
305.825409 1.139243
306.025482 1.081691
306.225586 0.990492
306.425659 0.931423
306.625732 0.889709
306.825836 0.873254
307.025909 0.948388
307.225983 1.059833
307.426056 1.114604
307.626160 1.083511
307.826233 1.035441
308.026306 1.032209
308.226410 0.991518
308.426483 0.938056
308.626556 0.897868
308.826630 0.875103
309.026733 0.936153
309.226807 1.102527
309.426880 1.188713
309.626984 1.099594
309.827057 0.971816
310.027130 0.952961
310.227203 0.970390
310.427307 0.942128
310.627380 0.916794
310.827454 0.924701
311.027557 0.977643
311.227631 1.095517
311.427704 1.177461
311.627777 1.102655
311.827881 0.976001
312.027954 0.901619
312.228027 0.914580
312.428131 0.933185
312.628204 0.939131
312.828278 0.995338
313.028351 1.064531
313.228455 1.088416
313.428528 1.083267
313.628601 1.072226
313.828705 1.002442
314.028778 0.908932
314.228851 0.869629
314.428925 0.901914
314.629028 0.966607
314.829102 1.061750
315.029175 1.144089
315.229279 1.096842
315.429352 0.994299
315.629425 0.991843
315.829529 1.006269
316.029602 0.942925
316.229675 0.875045
316.429749 0.885798
316.629852 0.991669
316.829926 1.109521
317.029999 1.168969
317.230103 1.096149
317.430176 0.973565
317.630249 0.912955
317.830322 0.953724
318.030426 0.964423
318.230499 0.919582
318.430573 0.925455
318.630676 1.021922
318.830750 1.126130
319.030823 1.129848
319.230896 1.074489
319.431000 0.989486
319.631073 0.900369
319.831146 0.876052
320.031250 0.939511
320.231323 0.976445
320.431396 1.009084
320.631470 1.075017
320.831573 1.107070
321.031647 1.060795
321.231720 1.025398
321.431824 0.998945
321.631897 0.929885
321.831970 0.856055
322.032043 0.884457
322.232147 1.009612
322.432220 1.101768
322.632294 1.128999
322.832397 1.077877
323.032471 0.999076
323.232544 0.966982
323.432617 0.972768
323.632721 0.957455
323.832794 0.895026
324.032867 0.884588
324.232971 1.005710
324.433044 1.156589
324.633118 1.152047
324.833221 1.053992
325.033295 0.971378
325.233368 0.924104
325.433441 0.921060
325.633545 0.948984
325.833618 0.955208
326.033691 0.959445
326.233795 1.024313
326.433868 1.130519
326.633942 1.130846
326.834015 1.036101
327.034119 0.968838
327.234192 0.913272
327.434265 0.881177
327.634369 0.910801
327.834442 0.998449
